timestamp,elapsed_time(s),gpu_id,gpu_name,utilization_gpu(%),utilization_memory(%),memory_used(MB),memory_total(MB),temperature(C),power_draw(W)
2026-03-07 20:08:51.324,0.000,0,NVIDIA GeForce RTX 2070,89,85,5903.61,8192.00,69,176.28
